[gd_scene load_steps=7 format=2]

[ext_resource path="res://3d/cave.dae" type="PackedScene" id=1]

[sub_resource type="BoxShape" id=1]
extents = Vector3( 0.0791491, 0.549917, 0.533001 )

[sub_resource type="BoxShape" id=2]
extents = Vector3( 0.20299, 0.267845, 0.0302854 )

[sub_resource type="BoxShape" id=3]
extents = Vector3( 0.0236115, 0.3425, 0.52101 )

[sub_resource type="BoxShape" id=4]
extents = Vector3( 0.0505853, 1, 0.55438 )

[sub_resource type="BoxShape" id=5]
extents = Vector3( 1.53864, 0.0347336, 2.61072 )

[node name="cave" instance=ExtResource( 1 )]

[node name="Cube002" parent="." index="0"]
transform = Transform( 5.19922, 0, 0, 0, 5.19922, 0, 0, 0, 5.19922, -6.56728, 5.2216, 0.0725466 )

[node name="StaticBody" type="StaticBody" parent="Cube002" index="0"]

[node name="CollisionShape2" type="CollisionShape" parent="Cube002/StaticBody" index="0"]
transform = Transform( 0.985025, 0, -0.172428, 0, 1, 0, 0.172428, 0, 0.985025, 0.899609, -1.16101, 1.48526 )
shape = SubResource( 1 )

[node name="CollisionShape10" type="CollisionShape" parent="Cube002/StaticBody" index="1"]
transform = Transform( 0.952343, 0, -0.305049, 0, 1.00001, 0, 0.305049, 0, 0.952343, 1.09137, -1.16101, 0.64769 )
shape = SubResource( 1 )

[node name="CollisionShape3" type="CollisionShape" parent="Cube002/StaticBody" index="2"]
transform = Transform( 0.467762, 0, -0.883859, 0, 1, 0, 0.883859, 0, 0.467762, 0.372582, -1.16101, 2.19196 )
shape = SubResource( 1 )

[node name="CollisionShape4" type="CollisionShape" parent="Cube002/StaticBody" index="3"]
transform = Transform( 1, 0, 0, 0, 1, 0, 0, 0, 1, 1.26099, -0.917826, -0.175803 )
shape = SubResource( 2 )

[node name="CollisionShape5" type="CollisionShape" parent="Cube002/StaticBody" index="4"]
transform = Transform( 1, 0, 0, 0, 1, 0, 0, 0, 1, 1.26052, -0.917827, 0.139874 )
shape = SubResource( 2 )

[node name="CollisionShape11" type="CollisionShape" parent="Cube002/StaticBody" index="5"]
transform = Transform( 0.874767, 0, 0.484552, 0.0216174, 0.999008, -0.0390262, -0.484069, 0.0446134, 0.873896, 0.894531, -0.917828, 0.238082 )
shape = SubResource( 2 )

[node name="CollisionShape12" type="CollisionShape" parent="Cube002/StaticBody" index="6"]
transform = Transform( 1.00001, -0.000176073, -0.000222496, 0.000178609, 0.999941, 0.0114698, 0.000220536, -0.0114698, 0.999941, 0.529188, -0.917831, 0.32945 )
shape = SubResource( 2 )

[node name="CollisionShape13" type="CollisionShape" parent="Cube002/StaticBody" index="7"]
transform = Transform( 0.1933, 0.0112189, -0.981084, 0.000178609, 0.999942, 0.0114698, 0.981148, -0.00239233, 0.193286, 0.261709, -0.917832, 0.104259 )
shape = SubResource( 2 )

[node name="CollisionShape14" type="CollisionShape" parent="Cube002/StaticBody" index="8"]
transform = Transform( -0.901854, 0.00511672, -0.432034, 0.00017861, 0.999944, 0.0114698, 0.432064, 0.0102668, -0.901796, 0.422132, -0.917833, -0.202798 )
shape = SubResource( 2 )

[node name="CollisionShape15" type="CollisionShape" parent="Cube002/StaticBody" index="9"]
transform = Transform( -0.972358, -0.00250502, 0.23353, 0.00017861, 0.999945, 0.0114699, -0.233544, 0.0111944, -0.972294, 0.823023, -0.917833, -0.248766 )
shape = SubResource( 2 )

[node name="CollisionShape16" type="CollisionShape" parent="Cube002/StaticBody" index="10"]
transform = Transform( -0.949625, -0.00342531, 0.313408, 0.00017861, 0.999946, 0.0114699, -0.313427, 0.0109479, -0.949562, 0.991067, -0.917833, -0.224925 )
shape = SubResource( 2 )

[node name="CollisionShape" type="CollisionShape" parent="Cube002/StaticBody" index="11"]
transform = Transform( 0.963749, 0, 0.266819, 0, 1, 0, -0.266819, 0, 0.963749, 1.13284, -0.945408, -0.704209 )
shape = SubResource( 3 )

[node name="CollisionShape6" type="CollisionShape" parent="Cube002/StaticBody" index="12"]
transform = Transform( 0.982694, 0, -0.185256, 0, 1, 0, 0.185256, 0, 0.982694, 1.13284, -0.946198, -1.45314 )
shape = SubResource( 3 )

[node name="CollisionShape8" type="CollisionShape" parent="Cube002/StaticBody" index="13"]
transform = Transform( 0.493092, -0.191134, -0.848732, 0.186793, 0.976085, -0.111292, 0.849698, -0.103659, 0.516997, 1.15664, -1.06788, -1.90784 )
shape = SubResource( 3 )

[node name="CollisionShape9" type="CollisionShape" parent="Cube002/StaticBody" index="14"]
transform = Transform( -0.436559, -0.316326, -0.842245, -0.0791331, 0.946035, -0.31429, 0.896201, -0.0705561, -0.438027, 0.616979, -1.16081, -3.39562 )
shape = SubResource( 3 )

[node name="CollisionShape7" type="CollisionShape" parent="Cube002/StaticBody" index="15"]
transform = Transform( 0.8453, -0.0250139, 0.53372, -0.0749316, 0.983489, 0.164769, -0.529025, -0.17927, 0.829463, 1.33998, -1.55268, -2.56442 )
shape = SubResource( 4 )

[node name="CollisionShape17" type="CollisionShape" parent="Cube002/StaticBody" index="16"]
transform = Transform( 1, 0, 0, 0, 1, 0, 0, 0, 1, 0, -0.656628, -0.391627 )
shape = SubResource( 5 )
